# Created by Octave 5.2.0, Tue May 19 18:13:42 2020 GMT <unknown@LAPTOP-IOGJC2BC>
# name: A
# type: matrix
# rows: 3
# columns: 2
 1 2
 3 4
 5 6


